{
  "channels": [
    "FP1-F7",
    "F7-T7",
    "T7-P7",
    "P7-O1",
    "FP1-F3",
    "F3-C3",
    "C3-P3",
    "P3-O1",
    "FP2-F4",
    "F4-C4",
    "C4-P4",
    "P4-O2",
    "FP2-F8",
    "F8-T8",
    "T8-P8",
    "P8-O2",
    "FZ-CZ",
    "CZ-PZ"
  ],
  "n_channels": 18,
  "fs": 256,
  "window_samples": 2560,
  "mni_coords": [
    [
      -28.0,
      62.0,
      -3.0
    ],
    [
      -55.0,
      33.0,
      -5.0
    ],
    [
      -63.0,
      -18.0,
      -5.0
    ],
    [
      -43.0,
      -68.0,
      10.0
    ],
    [
      -17.0,
      55.0,
      30.0
    ],
    [
      -35.0,
      30.0,
      52.0
    ],
    [
      -40.0,
      -18.0,
      58.0
    ],
    [
      -25.0,
      -68.0,
      38.0
    ],
    [
      17.0,
      55.0,
      30.0
    ],
    [
      35.0,
      30.0,
      52.0
    ],
    [
      40.0,
      -18.0,
      58.0
    ],
    [
      25.0,
      -68.0,
      38.0
    ],
    [
      28.0,
      62.0,
      -3.0
    ],
    [
      55.0,
      33.0,
      -5.0
    ],
    [
      63.0,
      -18.0,
      -5.0
    ],
    [
      43.0,
      -68.0,
      10.0
    ],
    [
      0.0,
      20.0,
      66.0
    ],
    [
      0.0,
      -30.0,
      70.0
    ]
  ],
  "mni_min": [
    -63.0,
    -68.0,
    -5.0
  ],
  "mni_max": [
    63.0,
    62.0,
    70.0
  ],
  "hh": {
    "g_Na": 120.0,
    "g_K": 36.0,
    "g_L": 0.3,
    "E_Na": 50.0,
    "E_K": -77.0,
    "E_L": -54.4,
    "C_m": 1.0
  },
  "pca": {
    "components": [
      [
        0.24029603600502014,
        0.23487433791160583,
        0.19170495867729187,
        0.15383978188037872,
        0.1071791723370552,
        0.3335356116294861,
        0.2981015741825104,
        0.2006203830242157,
        0.07280060648918152,
        0.3273709714412689,
        0.3135632574558258,
        0.16181941330432892,
        0.2279282808303833,
        0.25606104731559753,
        6.91920058670803e-06,
        0.09490213543176651,
        0.34864342212677,
        0.29961904883384705
      ],
      [
        0.1949882060289383,
        0.011104132048785686,
        -0.05636536702513695,
        -0.05299924686551094,
        0.4104938507080078,
        0.04848514869809151,
        -0.19387470185756683,
        -0.28166359663009644,
        0.4403893053531647,
        0.1926005631685257,
        -0.24015823006629944,
        -0.3665953576564789,
        0.23490922152996063,
        0.16982771456241608,
        5.9679972764570266e-05,
        -0.2010180801153183,
        0.20089633762836456,
        -0.2831876873970032
      ],
      [
        -0.34723037481307983,
        -0.3852177560329437,
        0.0809309184551239,
        0.5487603545188904,
        -0.24418002367019653,
        -0.18868759274482727,
        0.09802194684743881,
        0.20467452704906464,
        0.0528859980404377,
        0.1361757218837738,
        -0.006226281635463238,
        -0.2385009080171585,
        0.15246102213859558,
        0.20521876215934753,
        0.0001289585343329236,
        -0.35620567202568054,
        0.07663722336292267,
        0.01570558175444603
      ],
      [
        -0.1038508340716362,
        -0.01639263518154621,
        0.3871022164821625,
        0.2532632052898407,
        0.38641777634620667,
        -0.24747030436992645,
        0.1948486566543579,
        0.217231884598732,
        0.3931603729724884,
        -0.21082110702991486,
        -0.15537914633750916,
        0.16567443311214447,
        0.07730001956224442,
        -0.2466094195842743,
        -0.00011920960241695866,
        0.3696582317352295,
        -0.1343725323677063,
        -0.08446269482374191
      ],
      [
        0.1905670464038849,
        0.2549898624420166,
        -0.3060649037361145,
        -0.07626662403345108,
        -0.10515643656253815,
        -0.0993218794465065,
        -0.03966625779867172,
        0.4112572968006134,
        0.12363119423389435,
        -0.20754677057266235,
        -0.15189777314662933,
        0.2585560381412506,
        0.5106909275054932,
        0.061268411576747894,
        -8.193700864467246e-07,
        -0.33696165680885315,
        -0.2847723662853241,
        0.007834705524146557
      ],
      [
        -0.3430275619029999,
        0.33967670798301697,
        0.36583462357521057,
        -0.3182721436023712,
        -0.0830523818731308,
        0.08611917495727539,
        0.386796236038208,
        -0.22111876308918,
        0.08015651255846024,
        -0.1406264454126358,
        0.04136837646365166,
        -0.3185984194278717,
        0.14872033894062042,
        -0.1145501434803009,
        0.0002473550266586244,
        -0.3092860281467438,
        -0.1671167016029358,
        0.1753798872232437
      ],
      [
        0.15995468199253082,
        -0.09251296520233154,
        -0.1475444734096527,
        0.0003425510658416897,
        0.30990612506866455,
        -0.361646831035614,
        0.09407489746809006,
        -0.13801875710487366,
        0.12016338109970093,
        -0.21351172029972076,
        0.4971219003200531,
        -0.08289522677659988,
        -0.19836105406284332,
        0.4143866002559662,
        0.00014694123819936067,
        -0.08277513831853867,
        -0.3125969469547272,
        0.2443288117647171
      ],
      [
        0.14820078015327454,
        -0.21325352787971497,
        0.6188319325447083,
        -0.33950042724609375,
        0.09078878909349442,
        -0.04327784478664398,
        -0.14585676789283752,
        0.23577158153057098,
        -0.20189404487609863,
        0.06711679697036743,
        -0.10787816345691681,
        0.20862531661987305,
        -0.14011715352535248,
        0.3260788023471832,
        9.789504838408902e-05,
        -0.2782832980155945,
        -0.07042274624109268,
        -0.19641466438770294
      ],
      [
        -0.38989517092704773,
        0.5163639187812805,
        -0.13726098835468292,
        0.058591678738594055,
        -0.04455510899424553,
        -0.05340944230556488,
        0.07019338011741638,
        0.08865809440612793,
        0.06252128630876541,
        0.05635073781013489,
        -0.18038228154182434,
        0.08778303861618042,
        -0.31534695625305176,
        0.5307424068450928,
        -4.061474828631617e-05,
        0.14598391950130463,
        0.016220977529883385,
        -0.30235376954078674
      ],
      [
        0.021024981513619423,
        0.2244667410850525,
        0.09224501997232437,
        0.16880907118320465,
        0.05910903215408325,
        0.31677699089050293,
        -0.3681134879589081,
        0.41491416096687317,
        0.08198778331279755,
        -0.2778075039386749,
        0.39055606722831726,
        -0.33764469623565674,
        -0.23469769954681396,
        -0.18722432851791382,
        0.000235110564972274,
        -0.14234045147895813,
        0.013834420591592789,
        -0.19909532368183136
      ],
      [
        0.002579487394541502,
        -0.29392918944358826,
        0.087638258934021,
        -0.052709367126226425,
        -0.4052831828594208,
        0.4181791841983795,
        -0.05760174244642258,
        -0.18873485922813416,
        0.42977583408355713,
        -0.41576939821243286,
        0.025111371651291847,
        0.13704876601696014,
        0.0775848776102066,
        0.3133326768875122,
        -4.3876054405700415e-05,
        0.20302213728427887,
        -0.03632507473230362,
        -0.03680308908224106
      ],
      [
        0.2562217116355896,
        -0.03455395996570587,
        -0.049903299659490585,
        -0.03754540532827377,
        -0.11682876944541931,
        0.1140819564461708,
        0.0918019488453865,
        0.27702799439430237,
        0.2681159973144531,
        0.16417846083641052,
        -0.45101112127304077,
        -0.2689693868160248,
        -0.44525814056396484,
        -0.001458372687920928,
        0.00038170404150150716,
        -0.0008280778420157731,
        -0.19739966094493866,
        0.4534313380718231
      ],
      [
        0.4163956642150879,
        -0.05422070622444153,
        -0.09622707217931747,
        0.06931020319461823,
        -0.13187052309513092,
        -0.017399078235030174,
        0.6454926133155823,
        -0.0007445983355864882,
        -0.038568899035453796,
        -0.18671037256717682,
        -0.0018667308613657951,
        -0.04160614311695099,
        -0.21006803214550018,
        -0.09822440892457962,
        -3.16910955007188e-05,
        -0.16992972791194916,
        0.1512642353773117,
        -0.48129087686538696
      ],
      [
        0.010345932096242905,
        0.09108858555555344,
        0.03666313737630844,
        0.4791306257247925,
        0.2891019880771637,
        0.368747353553772,
        -0.024847596883773804,
        -0.33507081866264343,
        -0.18190035223960876,
        -0.17789402604103088,
        -0.24129168689250946,
        0.32276174426078796,
        -0.15341326594352722,
        -0.008052089251577854,
        -0.00042996418778784573,
        -0.36219868063926697,
        -0.16714882850646973,
        0.13558363914489746
      ],
      [
        -0.19523504376411438,
        -0.02621287666261196,
        -0.09956839680671692,
        -0.19524364173412323,
        0.016798410564661026,
        -0.1822875738143921,
        -0.0568026565015316,
        0.023970095440745354,
        0.37140321731567383,
        -0.10431508719921112,
        0.06142726168036461,
        0.3796079158782959,
        -0.28288254141807556,
        -0.18616712093353271,
        -0.00029425634420476854,
        -0.36455294489860535,
        0.5434901118278503,
        0.19024063646793365
      ],
      [
        -0.07337483018636703,
        -0.04817858338356018,
        -0.03780484199523926,
        -0.004993760026991367,
        -0.10596322268247604,
        0.13245615363121033,
        0.03059433586895466,
        -0.08052502572536469,
        0.3401869833469391,
        0.5666824579238892,
        0.2913031578063965,
        0.2701009213924408,
        -0.11882761865854263,
        -0.21614353358745575,
        0.0002865879505407065,
        -0.13317352533340454,
        -0.4625260531902313,
        -0.2597610056400299
      ],
      [
        -0.36910876631736755,
        -0.37783968448638916,
        -0.3346248269081116,
        -0.2779158353805542,
        0.4392746388912201,
        0.4018411934375763,
        0.2665404975414276,
        0.2948912978172302,
        -0.1049186959862709,
        -0.03334030881524086,
        -0.017292676493525505,
        -0.02322555147111416,
        0.033706698566675186,
        0.041618239134550095,
        0.0003098997112829238,
        0.008513879030942917,
        -0.03984224796295166,
        -0.04307502135634422
      ],
      [
        4.3236381316091865e-05,
        0.00012521723692771047,
        1.6861050653460552e-06,
        0.0002863920235540718,
        4.8754631279734895e-05,
        -0.00013435290020424873,
        -0.00012163929204689339,
        -0.00034616683842614293,
        -0.00013970155850984156,
        -0.000275513157248497,
        -0.00016815194976516068,
        0.0005126201431266963,
        6.393574585672468e-05,
        -6.46275220788084e-05,
        0.9999995827674866,
        3.273216134402901e-05,
        0.0003625413228292018,
        -1.0660911357263103e-05
      ]
    ],
    "mean": [
      -0.000125628721434623,
      0.00012632249854505062,
      0.0001891908177640289,
      6.901246706547681e-06,
      -0.0002968033077195287,
      -0.00026418286142870784,
      -3.014477260876447e-05,
      -0.00029151749913580716,
      0.0003299419186078012,
      1.925767537613865e-05,
      6.819630652898923e-05,
      4.1923023673007265e-05,
      3.0229952244553715e-05,
      -0.00014549648039974272,
      3.3913878723978996e-05,
      0.0001736573176458478,
      -7.776188431307673e-05,
      -2.37140975514194e-05
    ],
    "variance_ratio": [
      0.2328178882598877,
      0.1384127140045166,
      0.09979244321584702,
      0.0817582905292511,
      0.0707206204533577,
      0.06893090903759003,
      0.05125269666314125,
      0.0419582724571228,
      0.03931479528546333,
      0.03126688674092293,
      0.03010982647538185,
      0.025364838540554047,
      0.024605588987469673,
      0.02195771411061287,
      0.016639938578009605,
      0.014623723924160004,
      0.009970995597541332,
      0.0005018106312491
    ]
  },
  "best_val_loss": 0.08695188909769058,
  "output": "coord[0:3] = normalized xyz in [-1,1], coord[3] = sigma (spread)",
  "denormalize": "xyz_mm = (xyz_norm + 1) / 2 * (mni_max - mni_min) + mni_min"
}